Fecha	Gb	Gd	G	Gb2	tz	gs
2014-12-05 00:00:00	1.25	0.00	0.00	-0.00	172.51	58.81
2014-12-05 00:10:00	1.10	0.00	0.00	-0.00	174.42	47.15
2014-12-05 00:20:00	0.37	0.00	0.00	-0.00	175.84	25.44
2014-12-05 00:30:00	0.04	0.00	0.00	-0.00	176.22	-7.97
2014-12-05 00:40:00	0.00	0.00	0.00	-0.00	175.28	-36.94
2014-12-05 00:50:00	0.00	0.00	0.00	-0.00	173.59	-53.33
2014-12-05 01:00:00	0.00	0.00	0.00	-0.00	171.58	-62.23
2014-12-05 01:10:00	0.00	0.00	0.00	-0.00	169.43	-67.44
2014-12-05 01:20:00	0.19	0.00	0.00	-0.00	167.22	-70.72
2014-12-05 01:30:00	0.00	0.00	0.02	-0.02	164.98	-72.90
2014-12-05 01:40:00	0.01	0.00	0.00	-0.00	162.70	-74.39
2014-12-05 01:50:00	0.91	0.00	0.00	-0.00	160.42	-75.43
2014-12-05 02:00:00	0.02	0.00	0.00	-0.00	158.13	-76.16
2014-12-05 02:10:00	0.00	0.00	0.00	-0.00	155.83	-76.66
2014-12-05 02:20:00	0.00	0.00	0.00	-0.00	153.52	-76.99
2014-12-05 02:30:00	0.00	0.00	0.00	-0.00	151.22	-77.19
2014-12-05 02:40:00	0.00	0.00	0.00	-0.00	148.91	-77.29
2014-12-05 02:50:00	0.02	0.00	0.00	-0.00	146.60	-77.31
2014-12-05 03:00:00	0.00	0.00	0.21	-0.26	144.29	-77.26
2014-12-05 03:10:00	0.14	0.00	0.08	-0.10	141.99	-77.15
2014-12-05 03:20:00	0.64	0.09	0.10	-0.01	139.68	-76.99
2014-12-05 03:30:00	0.76	0.03	0.08	-0.06	137.38	-76.79
2014-12-05 03:40:00	0.37	0.01	0.00	0.01	135.07	-76.55
2014-12-05 03:50:00	0.04	0.00	0.00	-0.00	132.77	-76.28
2014-12-05 04:00:00	0.01	0.00	0.00	-0.00	130.48	-75.98
2014-12-05 04:10:00	0.04	0.00	0.03	-0.05	128.18	-75.64
2014-12-05 04:20:00	0.27	0.00	0.00	-0.01	125.89	-75.28
2014-12-05 04:30:00	0.00	0.00	0.00	-0.00	123.61	-74.90
2014-12-05 04:40:00	0.65	0.00	0.00	-0.00	121.32	-74.49
2014-12-05 04:50:00	0.99	0.00	0.00	-0.01	119.05	-74.05
2014-12-05 05:00:00	0.28	0.00	0.00	-0.00	116.77	-73.59
2014-12-05 05:10:00	0.07	0.00	0.00	-0.00	114.51	-73.11
2014-12-05 05:20:00	0.03	0.00	0.00	-0.00	112.25	-72.60
2014-12-05 05:30:00	0.40	0.00	0.00	-0.00	109.99	-72.07
2014-12-05 05:40:00	0.01	0.00	0.00	-0.00	107.75	-71.52
2014-12-05 05:50:00	0.00	0.00	0.00	-0.00	105.50	-70.94
2014-12-05 06:00:00	0.00	0.00	0.00	-0.00	103.27	-70.33
2014-12-05 06:10:00	0.06	0.00	0.04	-0.22	101.05	-69.70
2014-12-05 06:20:00	0.19	0.00	0.07	-0.43	98.84	-69.04
2014-12-05 06:30:00	0.14	0.00	0.01	-0.04	96.63	-68.35
2014-12-05 06:40:00	0.22	0.16	0.24	-1.03	94.44	-67.62
2014-12-05 06:50:00	0.12	0.84	1.14	-7.72	92.26	-66.87
2014-12-05 07:00:00	0.00	4.07	4.84	-509.81	90.09	-66.08
2014-12-05 07:10:00	9.61	10.04	12.52	68.68	87.93	-65.26
2014-12-05 07:20:00	244.90	19.32	42.57	316.66	85.79	-64.39
2014-12-05 07:30:00	377.00	26.41	73.37	425.52	83.66	-63.49
2014-12-05 07:40:00	478.50	32.38	107.80	513.58	81.56	-62.54
2014-12-05 07:50:00	557.10	37.33	144.10	584.00	79.47	-61.55
2014-12-05 08:00:00	618.80	40.33	181.00	644.64	77.40	-60.51
2014-12-05 08:10:00	667.50	45.24	218.40	684.55	75.35	-59.41
2014-12-05 08:20:00	709.90	49.19	256.50	722.40	73.32	-58.26
2014-12-05 08:30:00	745.10	52.36	294.90	757.43	71.32	-57.05
2014-12-05 08:40:00	769.80	54.98	331.60	784.50	69.35	-55.77
2014-12-05 08:50:00	796.60	56.61	370.60	817.49	67.41	-54.43
2014-12-05 09:00:00	823.00	59.24	409.50	844.80	65.51	-53.01
2014-12-05 09:10:00	846.00	61.04	441.10	855.80	63.63	-51.51
2014-12-05 09:20:00	863.00	62.54	474.00	870.79	61.80	-49.93
2014-12-05 09:30:00	874.00	65.92	506.00	880.54	60.01	-48.26
2014-12-05 09:40:00	882.00	68.29	535.80	889.02	58.27	-46.50
2014-12-05 09:50:00	895.00	69.89	565.60	900.11	56.58	-44.63
2014-12-05 10:00:00	895.00	72.54	589.80	900.70	54.95	-42.66
2014-12-05 10:10:00	909.00	74.29	616.80	909.45	53.38	-40.57
2014-12-05 10:20:00	920.00	76.78	644.50	919.55	51.87	-38.37
2014-12-05 10:30:00	875.00	83.50	646.70	884.37	50.44	-36.05
2014-12-05 10:40:00	902.00	86.70	678.30	903.42	49.09	-33.60
2014-12-05 10:50:00	909.00	85.40	692.70	904.57	47.83	-31.02
2014-12-05 11:00:00	924.00	85.60	713.10	914.23	46.66	-28.31
2014-12-05 11:10:00	924.00	87.20	726.40	913.36	45.59	-25.47
2014-12-05 11:20:00	923.00	89.80	738.10	910.88	44.62	-22.51
2014-12-05 11:30:00	935.00	89.50	753.70	919.90	43.78	-19.43
2014-12-05 11:40:00	948.00	87.50	768.10	931.40	43.05	-16.24
2014-12-05 11:50:00	959.00	85.80	779.40	940.10	42.46	-12.95
2014-12-05 12:00:00	967.00	84.50	787.60	946.02	41.99	-9.59
2014-12-05 12:10:00	967.00	84.10	791.40	946.86	41.67	-6.16
2014-12-05 12:20:00	964.00	85.40	792.80	944.32	41.49	-2.69
2014-12-05 12:30:00	965.00	85.00	792.10	943.34	41.45	0.79
2014-12-05 12:40:00	968.00	84.30	792.50	946.34	41.55	4.27
2014-12-05 12:50:00	966.00	85.50	789.60	944.48	41.80	7.72
2014-12-05 13:00:00	958.00	87.70	781.80	936.75	42.19	11.12
2014-12-05 13:10:00	949.00	88.40	771.80	930.06	42.71	14.46
2014-12-05 13:20:00	941.00	88.40	759.20	922.72	43.37	17.70
2014-12-05 13:30:00	946.00	86.90	754.40	930.24	44.15	20.84
2014-12-05 13:40:00	953.00	84.60	746.50	936.84	45.05	23.87
2014-12-05 13:50:00	930.00	88.90	727.60	920.43	46.06	26.77
2014-12-05 14:00:00	939.00	91.10	722.10	928.28	47.18	29.55
2014-12-05 14:10:00	929.00	87.20	698.70	920.86	48.39	32.20
2014-12-05 14:20:00	909.00	84.90	671.80	907.32	49.70	34.72
2014-12-05 14:30:00	900.00	84.60	648.00	896.87	51.08	37.12
2014-12-05 14:40:00	901.00	83.60	630.70	899.70	52.55	39.39
2014-12-05 14:50:00	896.00	82.10	609.00	898.23	54.08	41.54
2014-12-05 15:00:00	881.00	80.70	582.40	889.93	55.68	43.57
2014-12-05 15:10:00	866.00	80.90	555.90	880.28	57.34	45.49
2014-12-05 15:20:00	852.00	79.13	529.60	876.09	59.06	47.31
2014-12-05 15:30:00	805.00	76.25	492.20	853.15	60.82	49.03
2014-12-05 15:40:00	769.50	74.82	460.90	839.76	62.63	50.66
2014-12-05 15:50:00	731.30	73.24	432.60	834.09	64.48	52.20
2014-12-05 16:00:00	674.30	71.41	398.30	815.43	66.37	53.66
2014-12-05 16:10:00	619.80	69.17	365.60	801.35	68.29	55.05
2014-12-05 16:20:00	554.80	67.85	327.30	767.58	70.24	56.36
2014-12-05 16:30:00	490.30	65.31	288.30	730.58	72.23	57.61
2014-12-05 16:40:00	421.20	62.18	246.50	678.59	74.24	58.79
2014-12-05 16:50:00	344.20	57.84	204.80	619.38	76.27	59.92
2014-12-05 17:00:00	275.90	52.71	165.30	556.75	78.33	60.99
2014-12-05 17:10:00	222.30	47.00	132.20	511.52	80.41	62.01
2014-12-05 17:20:00	179.90	40.23	104.40	492.31	82.51	62.98
2014-12-05 17:30:00	132.50	34.04	76.15	449.69	84.63	63.90
2014-12-05 17:40:00	85.20	25.90	49.38	415.39	86.76	64.79
2014-12-05 17:50:00	19.80	15.99	21.60	294.25	88.91	65.64
2014-12-05 18:00:00	0.07	6.25	6.80	-29.09	91.07	66.44
2014-12-05 18:10:00	0.00	1.36	1.76	-7.05	93.24	67.22
2014-12-05 18:20:00	0.00	0.06	0.09	-0.32	95.43	67.96
2014-12-05 18:30:00	0.00	0.00	0.00	-0.00	97.63	68.66
2014-12-05 18:40:00	0.00	0.00	0.00	-0.00	99.84	69.34
2014-12-05 18:50:00	0.00	0.00	0.00	-0.00	102.06	69.99
2014-12-05 19:00:00	0.00	0.00	0.00	-0.00	104.29	70.61
2014-12-05 19:10:00	0.00	0.00	0.00	-0.00	106.52	71.21
2014-12-05 19:20:00	0.00	0.00	0.00	-0.00	108.76	71.77
2014-12-05 19:30:00	0.00	0.00	0.00	-0.00	111.02	72.32
2014-12-05 19:40:00	0.00	0.00	0.00	-0.00	113.27	72.84
2014-12-05 19:50:00	0.00	0.00	0.00	-0.00	115.54	73.33
2014-12-05 20:00:00	0.00	0.00	0.00	-0.00	117.81	73.80
2014-12-05 20:10:00	0.00	0.00	0.00	-0.00	120.08	74.25
2014-12-05 20:20:00	0.00	0.00	0.00	-0.00	122.36	74.68
2014-12-05 20:30:00	0.00	0.00	0.00	-0.00	124.64	75.08
2014-12-05 20:40:00	0.00	0.00	0.00	-0.00	126.93	75.45
2014-12-05 20:50:00	0.00	0.00	0.00	-0.00	129.22	75.80
2014-12-05 21:00:00	0.05	0.00	0.04	-0.06	131.52	76.12
2014-12-05 21:10:00	0.40	0.00	0.21	-0.30	133.82	76.41
2014-12-05 21:20:00	0.16	0.00	0.00	-0.00	136.12	76.66
2014-12-05 21:30:00	0.00	0.00	0.00	-0.00	138.42	76.89
2014-12-05 21:40:00	0.17	0.00	0.00	-0.00	140.73	77.07
2014-12-05 21:50:00	0.00	0.00	0.00	-0.00	143.03	77.20
2014-12-05 22:00:00	0.30	0.00	0.00	-0.00	145.34	77.29
2014-12-05 22:10:00	0.70	0.00	0.00	-0.00	147.65	77.31
2014-12-05 22:20:00	0.24	0.00	0.00	-0.00	149.96	77.26
2014-12-05 22:30:00	0.49	0.00	0.01	-0.01	152.26	77.11
2014-12-05 22:40:00	0.52	0.00	0.00	-0.00	154.57	76.86
2014-12-05 22:50:00	0.00	0.00	0.00	-0.00	156.87	76.45
2014-12-05 23:00:00	0.00	0.00	0.00	-0.00	159.17	75.86
2014-12-05 23:10:00	0.00	0.00	0.00	-0.00	161.46	75.00
2014-12-05 23:20:00	0.00	0.00	0.00	-0.00	163.74	73.78
2014-12-05 23:30:00	0.13	0.00	0.01	-0.01	166.00	72.01
2014-12-05 23:40:00	0.68	0.03	0.12	-0.09	168.23	69.40
2014-12-05 23:50:00	0.09	0.00	0.00	-0.00	170.42	65.39
